164
243
30
158
117
26
66
2
233
164
234
160
4
94
180
138
6
101
181
55
177
167
25
64
6
47
98
92
84
119
78
64
117
105
93
83
215
185
91
153
109
210
102
66
214
155
191
241
79
70
103
159
105
12
198
17
144
148
177
202
169
76
57
117
80
166
63
249
42
26
108
51
228
180
57
219
135
205
49
17
18
187
65
137
186
117
15
139
195
138
78
223
77
172
77
6
66
145
160
114
81
20
8
178
217
43
87
85
128
126
19
243
234
200
232
235
32
180
201
18
159
55
5
103
233
128
54
142
166
248
108
187
26
211
176
148
106
120
32
82
117
72
108
236
58
134
28
204
220
130
35
234
82
143
46
141
163
5
31
56
15
132
245
99
135
213
226
41
31
21
61
7
54
80
20
134
133
230
67
209
61
110
118
70
244
86
171
170
98
22
239
2
56
18
235
159
131
108
188
40
222
217
36
37
196
136
234
37
49
238
120
47
204
52
204
201
105
250
226
90
150
20
82
228
235
244
142
63
108
184
140
7
128
247
184
37
246
16
115
176
20
58
110
158
90
167
113
245
71
211
126
88
104
65
226
